# SlopeSeepageForces fig5 fe=0 betas=15,20,...,90 (analytical -J*(v'_opt)/(kh H^2 gw^2) vs the solid curves of Fig. 5)
h_w / H 1, href 0, analytical field: L_m / H 10
alpha  beta  -J*(v'_opt)/(kh H^2 gw^2)  paper (solid)  difference  m
1  15  0.338155  0.33816  -0.00153%  0.914482
1  20  0.375386  0.37543  -0.0116%  0.899188
1  25  0.406222  0.40625  -0.00696%  0.880967
1  30  0.432469  0.43251  -0.00943%  0.85919
1  35  0.455215  0.45522  -0.00104%  0.833064
1  40  0.47516  0.47517  -0.00215%  0.801578
1  45  0.492778  0.49279  -0.0025%  0.763435
1  50  0.508406  0.50843  -0.00476%  0.716934
1  55  0.522295  0.5223  -0.000866%  0.659811
1  60  0.53465  0.53465  8.95e-06%  0.588972
1  65  0.54566  0.5457  -0.00737%  0.50005
1  70  0.55555  0.55559  -0.00713%  0.386597
1  75  0.56468  0.56472  -0.00709%  0.238398
1  80  0.573806  0.57383  -0.0041%  0.0372367
1  85  0.583247  0.58327  -0.00386%  0 (degenerate)
1  90  0.591377  0.59141  -0.00559%  0 (degenerate)
2  15  0.229725  0.22977  -0.0198%  0.914935
2  20  0.255329  0.25535  -0.00832%  0.883425
2  25  0.276865  0.2769  -0.0127%  0.849178
2  30  0.295526  0.29554  -0.00468%  0.812908
2  35  0.312001  0.31203  -0.00923%  0.774772
2  40  0.3267  0.32674  -0.0121%  0.734282
2  45  0.33987  0.3399  -0.00885%  0.690287
2  50  0.351657  0.35166  -0.000746%  0.64099
2  55  0.362153  0.36215  0.000826%  0.583976
2  60  0.37142  0.37143  -0.0028%  0.516197
2  65  0.379517  0.37955  -0.0086%  0.43389
2  70  0.38653  0.38655  -0.00522%  0.332312
2  75  0.392603  0.39259  0.00328%  0.205043
2  80  0.398029  0.39803  -0.000243%  0.0422017
2  85  0.402927  0.40294  -0.00316%  0 (degenerate)
2  90  0.40656  0.40658  -0.00487%  0 (degenerate)
4  15  0.142166  0.14218  -0.00966%  0.957627
4  20  0.157284  0.15729  -0.00387%  0.892211
4  25  0.170375  0.17038  -0.00318%  0.830347
4  30  0.182107  0.18212  -0.00727%  0.776654
4  35  0.192799  0.1928  -0.000507%  0.732414
4  40  0.202586  0.2026  -0.00684%  0.696584
4  45  0.211504  0.21152  -0.00748%  0.666625
4  50  0.219537  0.21955  -0.00579%  0.638962
4  55  0.226646  0.22665  -0.00156%  0.609205
4  60  0.23279  0.23281  -0.00842%  0.572356
4  65  0.237942  0.23796  -0.00742%  0.523168
4  70  0.242104  0.2421  0.00166%  0.456667
4  75  0.245316  0.24535  -0.0138%  0.368664
4  80  0.247667  0.24767  -0.00117%  0.255808
4  85  0.249308  0.24933  -0.00896%  0.114728
4  90  0.250456  0.25045  0.00238%  0 (degenerate)
10  15  0.0677937  0.0678  -0.00927%  1.06343
10  20  0.0738625  0.07386  0.00341%  0.93116
10  25  0.0795855  0.07959  -0.0057%  0.824978
10  30  0.0850748  0.08508  -0.00609%  0.751674
10  35  0.0903179  0.09032  -0.00231%  0.707824
10  40  0.0952653  0.09527  -0.00496%  0.687548
10  45  0.099855  0.09986  -0.00499%  0.684881
10  50  0.104019  0.10402  -0.00109%  0.693723
10  55  0.107686  0.10769  -0.00339%  0.70708
10  60  0.110792  0.11079  0.00185%  0.716479
10  65  0.113287  0.1133  -0.0118%  0.712252
10  70  0.115149  0.11515  -0.000548%  0.685354
10  75  0.116396  0.1164  -0.00356%  0.630361
10  80  0.117077  0.11709  -0.0111%  0.547632
10  85  0.117267  0.11726  0.00624%  0.44246
10  90  0.117049  0.11705  -0.000509%  0.321709
